q       Afini   Avg         M1          M2          M3          M4          M5
0.2	    0.002	-2.57	    -2.63	    -2.45	    -2.60	    -2.55	    -2.61
0.4	    0.004	-5.26	    -5.07	    -5.20	    -5.62	    -5.30	    -5.14
0.6	    0.007	-8.79	    -8.61	    -8.45	    -8.90	    -8.88	    -9.12
0.8	    0.012	-15.46	    -15.69	    -15.25	    -15.79	    -14.90	    -15.68
1.0	    0.019	-23.45	    -23.51	    -23.58	    -23.66	    -23.72	    -22.77
1.2	    0.026	-32.12	    -31.98	    -32.24	    -32.28	    -32.20	    -31.92
1.4	    0.033	-41.62	    -42.24	    -41.48	    -41.51	    -41.92	    -40.96
1.6	    0.040	-50.88	    -50.25	    -51.56	    -50.82	    -50.80	    -50.95
1.8	    0.049	-61.65	    -61.10	    -61.13	    -61.82	    -62.09	    -62.13
2.0	    0.058	-73.29	    -73.47	    -73.42	    -73.20	    -73.27	    -73.10
2.2	    0.069	-86.12	    -86.77	    -86.01	    -86.24	    -85.17	    -86.42
2.4	    0.081	-102.26	    -102.44	    -102.17	    -102.31	    -101.75	    -102.62
2.6	    0.096	-120.38	    -120.66	    -120.47	    -120.00	    -120.61	    -120.14
2.8	    0.113	-141.54	    -141.98	    -140.98	    -142.15	    -141.20	    -141.40
3.0	    0.132	-166.30	    -165.50	    -166.50	    -167.07	    -166.26	    -166.19
3.2	    0.155	-195.30	    -195.78	    -194.94	    -195.62	    -195.56	    -194.62
3.4	    0.181	-227.89	    -228.41	    -227.70	    -228.27	    -228.36	    -226.72
3.6	    0.211	-265.74	    -266.69	    -265.79	    -264.97	    -265.66	    -265.59
3.8	    0.246	-308.73	    -308.37	    -309.38	    -308.70	    -308.35	    -308.86
4.0	    0.284	-356.79	    -356.74	    -356.50	    -358.10	    -356.79	    -355.82
4.2	    0.329	-413.56	    -414.04	    -414.00	    -412.81	    -413.78	    -413.15
4.4	    0.381	-478.79	    -479.42	    -478.95	    -477.94	    -479.91	    -477.75
4.6	    0.442	-555.88	    -556.20	    -554.90	    -557.20	    -557.75	    -553.34
4.8	    0.510	-640.63	    -640.60	    -641.14	    -639.55	    -642.15	    -639.70
5.0	    0.584	-733.91	    -732.00	    -733.08	    -734.22	    -736.93	    -733.34
5.2	    0.648	-813.81	    -811.27	    -819.52	    -811.98	    -812.28	    -814.02
5.4	    0.699	-878.18	    -880.05	    -881.12	    -875.68	    -875.41	    -878.65
5.6	    0.736	-925.40	    -928.31	    -924.10	    -926.59	    -922.63	    -925.38
5.8	    0.765	-960.79	    -958.60	    -962.64	    -962.65	    -959.82	    -960.26
6.0	    0.787	-989.35	    -993.10	    -989.48	    -987.32	    -991.16	    -985.67
6.2	    0.801	-1005.91	-1007.30	-1007.10	-1009.00	-1005.40	-1000.77
6.4	    0.816	-1025.84	-1029.10	-1023.60	-1024.90	-1027.60	-1023.98
6.6	    0.830	-1042.34	-1041.30	-1035.60	-1052.10	-1037.40	-1045.30
6.8	    0.838	-1053.04	-1053.50	-1048.00	-1049.30	-1050.30	-1064.09
7.0	    0.847	-1063.91	-1062.80	-1067.70	-1067.70	-1057.90	-1063.44
7.2	    0.858	-1077.60	-1070.00	-1083.40	-1079.00	-1081.10	-1074.50
7.4	    0.865	-1086.61	-1081.60	-1087.40	-1092.60	-1089.90	-1081.53
7.6	    0.869	-1091.79	-1088.80	-1099.70	-1096.80	-1092.00	-1081.67
7.8	    0.874	-1098.01	-1102.50	-1092.30	-1089.90	-1105.30	-1100.04
8.0	    0.882	-1108.57	-1102.00	-1118.10	-1109.00	-1116.00	-1097.76
8.2	    0.883	-1109.14	-1119.60	-1108.80	-1104.90	-1107.30	-1105.08
8.4	    0.893	-1122.02	-1136.50	-1118.40	-1116.00	-1112.40	-1126.79
8.6	    0.892	-1120.70	-1110.30	-1124.00	-1118.70	-1123.00	-1127.51
8.8	    0.896	-1125.93	-1130.50	-1122.60	-1120.10	-1134.30	-1122.14
9.0	    0.903	-1134.31	-1142.50	-1125.00	-1138.50	-1137.80	-1127.74
9.2	    0.909	-1141.81	-1140.70	-1142.30	-1153.10	-1125.60	-1147.34
9.4	    0.911	-1144.21	-1151.60	-1138.00	-1140.80	-1137.70	-1152.96
9.6	    0.913	-1147.62	-1158.10	-1144.90	-1145.00	-1151.60	-1138.52
9.8	    0.911	-1144.28	-1144.10	-1134.90	-1139.40	-1153.80	-1149.20
10.0	0.914	-1149.06	-1151.20	-1135.20	-1148.30	-1137.30	-1173.31
11.0	0.928	-1166.12	-1170.90	-1165.90	-1161.00	-1167.40	-1165.41
12.0	0.941	-1182.44	-1191.50	-1185.20	-1187.30	-1189.60	-1158.59
13.0	0.950	-1194.20	-1196.30	-1210.70	-1184.50	-1182.40	-1197.10
14.0	0.950	-1193.31	-1185.50	-1203.70	-1180.00	-1197.00	-1200.34
15.0	0.959	-1205.51	-1201.30	-1199.10	-1211.60	-1218.70	-1196.83
16.0	0.960	-1206.24	-1206.30	-1207.10	-1203.40	-1201.30	-1213.09
17.0	0.968	-1216.31	-1219.60	-1228.00	-1199.60	-1219.00	-1215.35
18.0	0.964	-1211.72	-1211.50	-1193.00	-1215.40	-1224.00	-1214.69
19.0	0.970	-1218.53	-1208.00	-1222.20	-1224.20	-1207.80	-1230.46
20.0	0.966	-1214.31	-1217.00	-1211.40	-1195.00	-1235.10	-1213.07
22.0	0.971	-1219.91	-1231.40	-1231.20	-1197.00	-1225.10	-1214.86
24.0	0.961	-1207.98	-1216.40	-1191.00	-1210.50	-1209.40	-1212.62
26.0	0.984	-1236.05	-1245.60	-1224.40	-1230.50	-1225.10	-1254.65
28.0	0.978	-1229.10	-1218.10	-1227.30	-1219.80	-1240.20	-1240.11
30.0	0.981	-1232.56	-1256.10	-1229.50	-1210.70	-1228.30	-1238.22
32.0	0.982	-1234.56	-1225.70	-1250.80	-1221.20	-1230.00	-1245.09
34.0	0.805	-1011.38	-1227.00	-1240.20	-1220.00	-1244.20	-1230.49
36.0	0.985	-1238.08	-1229.50	-1237.40	-1238.90	-1262.00	-1222.62
38.0	0.984	-1236.73	-1264.00	-1243.90	-1220.50	-1221.00	-1234.25
40.0	0.978	-1228.73	-1238.00	-1207.10	-1248.20	-1218.80	-1231.57
42.0	0.983	-1235.02	-1217.00	-1236.40	-1231.50	-1249.30	-1240.89
44.0	0.985	-1237.37	-1243.70	-1242.00	-1233.50	-1230.60	-1237.04
46.0	0.975	-1224.76	-1206.40	-1238.30	-1246.80	-1219.10	-1213.21
48.0	0.986	-1239.57	-1248.90	-1236.50	-1237.60	-1254.90	-1219.97
50.0	0.995	-1249.75	-1267.10	-1243.10	-1245.90	-1251.80	-1240.86
